# logA ns H0 tau ombh2 omch2 Tcal Ecal beta A_planck P_act
9.198814081571545290e-05 2.157420702426177650e-06 -1.945913281728676590e-04 4.354306793359517060e-05 1.298583750108052628e-07 9.837919656732826238e-06 1.973888236011723315e-06 1.628022631730428861e-06 1.045801438179580766e-04 4.632866584390178159e-06 -3.335075778151564225e-07
2.157420702426177650e-06 8.641756742903956943e-06 -1.444422800697658481e-05 2.258798800779724498e-06 -2.078075007533334908e-08 2.822644179144763166e-06 1.338982020632945805e-06 -3.602482218097176174e-08 3.245157407132489891e-05 6.775088768861367350e-07 2.324570501807322647e-07
-1.945913281728676590e-04 -1.444422800697658481e-05 2.568209018276742528e-01 -6.121489575868791432e-05 2.975540644811790641e-06 -3.002270243654832013e-03 -3.172988228711631867e-05 -1.047004589338393739e-04 -2.555034103609608517e-02 -7.239297077013786739e-05 3.280074551477464274e-06
4.354306793359517060e-05 2.258798800779724498e-06 -6.121489575868791432e-05 2.772221782328731046e-05 4.418371147328501707e-08 4.051083825064267924e-06 -3.529898990673911495e-06 -1.415980589046685144e-06 4.403848699393707338e-05 -4.837620051777406054e-06 -3.027326357778115498e-08
1.298583750108052628e-07 -2.078075007533334908e-08 2.975540644811790641e-06 4.418371147328501707e-08 8.531786387967478072e-09 8.335472328733085584e-08 8.130165506120440534e-09 -4.219936056572149514e-08 8.417741637447717315e-07 1.502902642810685631e-08 -1.949945299739847090e-08
9.837919656732826238e-06 2.822644179144763166e-06 -3.002270243654832013e-03 4.051083825064267924e-06 8.335472328733085584e-08 4.135388757182194942e-05 1.713503959886470430e-06 1.577187769222224504e-06 3.663145349075557660e-04 2.885742927969849053e-06 9.224705909538328935e-08
1.973888236011723315e-06 1.338982020632945805e-06 -3.172988228711631867e-05 -3.529898990673911495e-06 8.130165506120440534e-09 1.713503959886470218e-06 7.747986546169286610e-06 -2.584107732407456359e-06 1.860556601038098901e-05 5.127110785712600407e-06 -3.351588575548832645e-08
1.628022631730428861e-06 -3.602482218097176174e-08 -1.047004589338393739e-04 -1.415980589046685144e-06 -4.219936056572149514e-08 1.577187769222224504e-06 -2.584107732407456359e-06 1.619635916977328101e-05 1.584091979137208943e-05 2.721177433089375182e-06 3.052900143790408387e-07
1.045801438179580766e-04 3.245157407132489213e-05 -2.555034103609608517e-02 4.403848699393707338e-05 8.417741637447717315e-07 3.663145349075557660e-04 1.860556601038098901e-05 1.584091979137208943e-05 3.285301729072291274e-03 3.094682556066221573e-05 1.408520958937696545e-06
4.632866584390178159e-06 6.775088768861367350e-07 -7.239297077013786739e-05 -4.837620051777406054e-06 1.502902642810685631e-08 2.885742927969849053e-06 5.127110785712600407e-06 2.721177433089375182e-06 3.094682556066221573e-05 8.647082776776597037e-06 -4.438973455824006922e-07
-3.335075778151564225e-07 2.324570501807322647e-07 3.280074551477464274e-06 -3.027326357778115498e-08 -1.949945299739847090e-08 9.224705909538328935e-08 -3.351588575548832645e-08 3.052900143790408387e-07 1.408520958937697392e-06 -4.438973455824006922e-07 6.283299552038285583e-06
